000000000110000011000000000
011110110110111011011011110
011110110110111011011011110
000000110000111000011000000
011110111110111011111011110
011110111110111011111011110
011000000000111000000000110
011011110111111111011110110
011011110111111111011110110
000000000000000000000000000
011110110111000111011011110
011110110100000001011011110
011110110100000001011011110
000000110100000001011000000
011110110111111111011011110
011110110000000000011011110
000110110111111111011011000
000110110111111111011011000
000110000000111000000011000
000110111110111011111011000
011110111110111011111011110
011110110000000000011011110
000000110110111011011000000
011011110110111011011110110
011011110110111011011110110
011000000110000011000000110
011111110111111111011111110
011111110111111111011111110
000000000000000000000000000