00000000011000011000000000
01111011011011011011011110
01111011011011011011011110
00000011000011000011000000
01111011111011011111011110
01111011111011011111011110
01100000000011000000000110
01101111011111111011110110
01101111011111111011110110
00000000000000000000000000
01111011011100111011011110
01111011010000001011011110
01111011010000001011011110
00000011010000001011000000
01111011011111111011011110
01111011000000000011011110
00011011011111111011011000
00011011011111111011011000
00011000000011000000011000
00011011111011011111011000
01111011111011011111011110
01111011000000000011011110
00000011011011011011000000
01101111011011011011110110
01101111011011011011110110
01100000011000011000000110
01111111011111111011111110
01111111011111111011111110
00000000000000000000000000